-0.584014034883569	-0.75576749135398
0.289270937355932	-0.75576749135398
0.290284383527109	-0.754489427021926
0.291298843651349	-0.753209576756234
0.292314318743112	-0.751927938262591
0.293330809817874	-0.750644509243885
0.294348317892126	-0.749359287400194
0.295366843983376	-0.748072270428789
0.29638638911015	-0.746783456024125
0.297406954291993	-0.745492841877845
0.298428540549471	-0.744200425678767
0.299451148904169	-0.742906205112888
0.300474780378697	-0.741610177863381
0.301499435996686	-0.740312341610586
0.302525116782792	-0.73901269403201
0.303551823762695	-0.737711232802325
0.304579557963102	-0.736407955593363
0.305608320411749	-0.735102860074112
0.306638112137397	-0.733795943910713
0.307668934169838	-0.732487204766459
0.308700787539894	-0.731176640301787
0.309733673279419	-0.729864248174281
0.310767592421299	-0.728550026038661
0.311802545999452	-0.727233971546786
0.312838535048833	-0.725916082347648
0.313875560605431	-0.724596356087369
0.31491362370627	-0.723274790409195
0.315952725389416	-0.721951382953499
0.316992866693968	-0.72062613135777
0.318034048660069	-0.719299033256616
0.319076272328901	-0.717970086281756
0.320119538742687	-0.716639288062019
0.321163848944694	-0.715306636223341
0.322209203979232	-0.713972128388758
0.323255604891657	-0.712635762178408
0.324303052728369	-0.711297535209524
0.325351548536816	-0.70995744509643
0.326401093365494	-0.70861548945054
0.327451688263948	-0.707271665880354
0.328503334282774	-0.705925971991451
0.329556032473616	-0.704578405386494
0.330609783889174	-0.703228963665216
0.331664589583199	-0.701877644424423
0.332720450610497	-0.700524445257991
0.333777368026928	-0.69916936375686
0.334835342889411	-0.697812397509029
0.33589437625592	-0.696453544099558
0.336954469185489	-0.69509280111056
0.338015622738211	-0.693730166121198
0.339077837975239	-0.692365636707683
0.340141115958788	-0.690999210443271
0.341205457752138	-0.689630884898256
0.342270864419629	-0.688260657639972
0.343337337026669	-0.686888526232785
0.34440487663973	-0.685514488238089
0.345473484326351	-0.684138541214307
0.346543161155141	-0.682760682716884
0.347613908195777	-0.681380910298284
0.348685726519006	-0.679999221507988
0.349758617196645	-0.678615613892488
0.350832581301586	-0.677230084995285
0.351907619907794	-0.675842632356887
0.352983734090306	-0.674453253514802
0.354060924925237	-0.673061946003536
0.355139193489778	-0.67166870735459
0.356218540862197	-0.670273535096458
0.357298968121843	-0.66887642675462
0.358380476349142	-0.667477379851538
0.359463066625603	-0.666076391906659
0.360546740033816	-0.664673460436403
0.361631497657454	-0.663268582954166
0.362717340581276	-0.661861756970311
0.363804269891124	-0.66045297999217
0.364892286673927	-0.659042249524036
0.365981392017704	-0.657629563067162
0.367071587011558	-0.656214918119756
0.368162872745685	-0.654798312176976
0.369255250311371	-0.653379742730932
0.370348720800994	-0.651959207270675
0.371443285308024	-0.650536703282201
0.372538944927026	-0.649112228248439
0.373635700753659	-0.647685779649255
0.37473355388468	-0.646257354961445
0.375832505417941	-0.644826951658729
0.376932556452394	-0.643394567211753
0.378033708088091	-0.641960199088082
0.379135961426183	-0.640523844752195
0.380239317568924	-0.639085501665483
0.381343777619669	-0.637645167286249
0.382449342682879	-0.636202839069696
0.383556013864119	-0.634758514467931
0.38466379227006	-0.633312190929959
0.385772679008481	-0.631863865901677
0.386882675188269	-0.630413536825872
0.38799378191942	-0.62896120114222
0.389106000313041	-0.627506856287277
0.39021933148135	-0.626050499694481
0.391333776537678	-0.624592128794142
0.392449336596471	-0.623131741013445
0.393566012773289	-0.621669333776442
0.394683806184807	-0.620204904504048
0.395802717948821	-0.618738450614041
0.39692274918424	-0.617269969521056
0.398043901011098	-0.615799458636578
0.399166174550545	-0.614326915368945
0.400289570924856	-0.612852337123341
0.401414091257426	-0.61137572130179
0.402539736672777	-0.609897065303155
0.403666508296553	-0.608416366523136
0.404794407255527	-0.60693362235426
0.405923434677597	-0.605448830185886
0.407053591691791	-0.603961987404192
0.408184879428266	-0.60247309139218
0.40931729901831	-0.600982139529664
0.410450851594343	-0.599489129193273
0.411585538289918	-0.597994057756443
0.41272136023972	-0.596496922589417
0.413858318579572	-0.594997721059237
0.414996414446433	-0.593496450529743
0.416135648978398	-0.591993108361568
0.417276023314703	-0.590487691912134
0.418417538595721	-0.588980198535652
0.419560195962968	-0.587470625583111
0.420703996559102	-0.585958970402282
0.421848941527922	-0.584445230337707
0.422995032014375	-0.582929402730703
0.42414226916455	-0.58141148491935
0.425290654125686	-0.579891474238493
0.426440188046167	-0.578369368019736
0.427590872075526	-0.576845163591439
0.428742707364449	-0.575318858278713
0.429895695064771	-0.573790449403417
0.431049836329479	-0.572259934284154
0.432205132312714	-0.570727310236268
0.433361584169774	-0.569192574571837
0.434519193057109	-0.567655724599675
0.435677960132329	-0.566116757625322
0.436547035438744	-0.564962532394557
0.437706961860616	-0.563421445720278
0.43857690667702	-0.562265630714569
0.439737993605471	-0.560722421639352
0.440608808801808	-0.559565014832939
0.441771057397924	-0.558019680652487
0.442642743845011	-0.556860680017147
0.443806155271041	-0.555313218023877
0.444678713840564	-0.554152621528924
0.44555214540508	-0.552990427141202
0.446716720824436	-0.551440834624239
0.447882461401693	-0.549889108869417
0.448756766834636	-0.5487253145533
0.449923673735535	-0.54717145284315
0.450798853911209	-0.546006056560538
0.451674909704794	-0.544839056270854
0.452842984096242	-0.543283055884609
0.454012227146313	-0.541724914098193
0.454889159433867	-0.54055630775838
0.45576696909232	-0.539386093322901
0.456937381970257	-0.537825807408929
0.45781606987742	-0.536653982829759
0.458987653753637	-0.535091550057531
0.459867220788198	-0.533918113284157
0.461039976834278	-0.532353530919657
0.462213906222978	-0.530786796225547
0.463094353264503	-0.529611745204964
0.46397568119344	-0.528435077881675
0.46515078509869	-0.526866188117289
0.466032994796366	-0.525687902433298
0.467209274393269	-0.524116854854643
0.468386730858104	-0.522543646714392
0.46926982320673	-0.521363740609203
0.470153799089399	-0.520182212019818
0.471332433599623	-0.518606840567305
0.472512247333872	-0.517029303048523
0.473397107634558	-0.515846149909437
0.474578101772644	-0.514266443567036
0.475463847376209	-0.513081663810236
0.476646023099127	-0.511499785883514
0.477532654891316	-0.510313377438473
0.478420173758761	-0.509125338232152
0.479603532248687	-0.507541285957056
0.480788074688979	-0.505955056566175
0.481676481519199	-0.504765384523014
0.4825657772006	-0.503574077564935
0.483751504775802	-0.501985668287496
0.484641690197681	-0.500792724333896
0.485828604093519	-0.499202132395763
0.487016705496908	-0.497609355019428
0.487907781549449	-0.496414771987177
0.489097071648491	-0.494819806391763
0.489989039222772	-0.493623582195202
0.490881899210759	-0.492425714746139
0.492072379194743	-0.490828558147388
0.492966132489297	-0.489629045355096
0.494157803548703	-0.488029694965372
0.495052451043577	-0.486828534736583
0.496245314370077	-0.485226987764865
0.497140856959919	-0.484024178003772
0.498334913746376	-0.482420431655648
0.499231352326729	-0.481215970263898
0.500426603767199	-0.479610021741566
0.501323939234501	-0.478403906618259
0.502520386524237	-0.476795753120517
0.503718030859686	-0.475185391842765
0.504616264111272	-0.473977620884451
0.505515396045377	-0.472768191985124
0.506714238624183	-0.471155620119356
0.507914280645189	-0.469540834854156
0.508814312160943	-0.468329745905256
0.510015554824191	-0.466712744425798
0.510916486821627	-0.465499993316205
0.511818320201677	-0.464285577932234
0.51302076470841	-0.462666357420272
0.514224412261072	-0.461044915054142
0.515127147925568	-0.459828833279545
0.516331999727808	-0.458205166234157
0.517235638579487	-0.456987415950115
0.518441695836156	-0.455361521396949
0.519346238778657	-0.454142100482074
0.520553502695812	-0.452513975589177
0.521458950633678	-0.451292881919505
0.522667422418583	-0.449662523851489
0.523573776257261	-0.448439755300477
0.524783457118389	-0.446807161218512
0.525690717764234	-0.445582715657038
0.526901608911265	-0.443947882718848
0.527809777271538	-0.442721758015206
0.529021879915363	-0.441084683375067
0.529930956898232	-0.439856877394963
0.531144272250954	-0.438217558203697
0.532054258765496	-0.436988068810248
0.533268788040431	-0.43534650221522
0.534179684996632	-0.43411532726895
0.535395429408309	-0.432471510414065
0.536307237717067	-0.431238647772901
0.53752419848123	-0.429592577798596
0.538436919054353	-0.428358025317868
0.539655097387964	-0.426709699361113
0.540568731138172	-0.425473454893546
0.541788128259409	-0.423822870087836
0.542702676100336	-0.422584931483553
0.543923293228596	-0.420932084958906
0.544838756074791	-0.41969245006542
0.546060594430692	-0.418037338948371
0.546976973197617	-0.416796005610584
0.548200034002996	-0.415138627024184
0.54911732960703	-0.413895593084384
0.550341614084948	-0.412235944148192
0.551259827443388	-0.410991207446049
0.55248533681813	-0.409329285276133
0.553404468849187	-0.408082843648696
0.554631204346264	-0.406418645357624
0.555551255969072	-0.405170496639319
0.556779218815218	-0.403504019336156
0.557700190949827	-0.402254161358783
0.558929382373005	-0.400585402149089
0.559851275940389	-0.399333832741818
0.561081697169791	-0.397662788727641
0.562004513091843	-0.396409505717009
0.56323616535789	-0.394736173996884
0.564159904557425	-0.393481175206791
0.56539278909177	-0.391805552875735
0.566317452492529	-0.390548836127442
0.567551570528055	-0.388870920276946
0.568477159054701	-0.387612483389074
0.569712511825528	-0.385932271107105
0.570639026403648	-0.384672111895628
0.571875615145129	-0.382989600266619
0.572803056701239	-0.381727716544863
0.574040882649961	-0.380042902649715
0.574969252111503	-0.378779292228354
0.576208316505293	-0.377092173144426
0.577137614800636	-0.37582683383148
0.578377918878559	-0.374137406632588
0.579308146937001	-0.37287033623342
0.58054969193936	-0.371178597989833
0.58148085069113	-0.369909794307142
0.582723637859472	-0.368215742085577
0.583655728235728	-0.366945202919402
0.584899758812839	-0.365248833783018
0.585832781745672	-0.363976556930729
0.587078056975582	-0.362277867939126
0.588012013398015	-0.361003851195424
0.589258534526	-0.359302839404637
0.59019342537199	-0.358027080561547
0.591441193644572	-0.356323743024044
0.592377019849008	-0.355046239870917
0.593626036513955	-0.353340573635591
0.594562799012664	-0.352061323959097
0.595813065318993	-0.350353326071265
0.596750765048739	-0.349072327655392
0.598002282246715	-0.347361995156789
0.598940920145196	-0.346079245782838
0.600193689486338	-0.344366575711615
0.601133266492194	-0.343082073158198
0.60238728922927	-0.341367062548915
0.603327806282076	-0.340080804591953
0.60458308366911	-0.338363450475575
0.605524541709385	-0.337075434888293
0.606781075001653	-0.33535573429219
0.607723474970855	-0.334065958845113
0.608981265424891	-0.332343908793049
0.609924608265419	-0.331052371254002
0.611183657139015	-0.329327968766138
0.612127943794211	-0.32803466690024
0.613388252346415	-0.326307908993124
0.614333483760568	-0.325012840562786
0.615595053251688	-0.32328372424935
0.616541230370028	-0.321986887014273
0.617804062061635	-0.320255409303831
0.618751185830339	-0.318956801020999
0.620015280985263	-0.317222958919242
0.620963352351457	-0.315922577342924
0.62191237226321	-0.314620420224667
0.623177732145548	-0.312884210733656
0.624127701551881	-0.311580275822282
0.625394327426992	-0.309841695940449
0.626662220561502	-0.308100742662587
0.627613140412384	-0.30679502770419
0.628882302074187	-0.305051698021453
0.629834173320539	-0.3037442007594
0.631104604778796	-0.301998491659295
0.632057428372488	-0.300689209834216
0.63332913089763	-0.298941118300603
0.634282907791487	-0.297630049650393
0.635555882655218	-0.295879572663477
0.636510613803016	-0.29456671492329
0.637466300159487	-0.293252065825537
0.638740548634781	-0.291499200361867
0.639697191155611	-0.290182757636212
0.640972714516717	-0.288427500668672
0.641930314158548	-0.28710926204203
0.64320711368099	-0.28535161053984
0.644165671401422	-0.284031573736372
0.645443748361999	-0.282271524665081
0.646403265119591	-0.280949687406192
0.647682620796379	-0.279187237727674
0.648963256468736	-0.277422384400122
0.649923733223003	-0.276098744404458
0.650885170934424	-0.274773299387902
0.652167087882984	-0.273006039365827
0.653450287389665	-0.271236369600052
0.654412687019676	-0.269909117275721
0.655697170367677	-0.268137034713377
0.656660532878679	-0.266807972791619
0.657946301352484	-0.265033474376139
0.658910627707838	-0.263702600564528
0.660197682593215	-0.261925683235645
0.661162973757249	-0.260592995238982
0.662451316341254	-0.258813655932723
0.663417573279257	-0.257479151453028
0.664707204850233	-0.255697387101711
0.665674428528464	-0.254361063838223
0.666965350376041	-0.252576871370451
0.667933541761724	-0.251238727019623
0.669225755176824	-0.249452103360282
0.67019491523815	-0.248112135615777
0.671488421512988	-0.24632307768603
0.672458551219116	-0.244981284238719
0.673753351647198	-0.243189788956001
0.674724451968259	-0.241846167493963
0.676020547844384	-0.240052231771978
0.676992619751478	-0.238706779980489
0.678290012371744	-0.236910400729205
0.679263056836944	-0.235563116290741
0.680237074833292	-0.234213996884975
0.681535765495091	-0.232415171010619
0.682510757996608	-0.231064214314412
0.68381074799863	-0.229262938719468
0.684786715980307	-0.22791014240687
0.686088006622543	-0.226106413990072
0.687064951060349	-0.224751775732318
0.688367543644089	-0.222945591388647
0.689671439471927	-0.221136948009325
0.690649361342805	-0.219780465474833
0.691954561718636	-0.21796935994732
0.692933462000509	-0.216611030801686
0.694239968229533	-0.214797460009676
0.695219847901302	-0.213437281915669
0.696527661290026	-0.211621242739086
0.697508521331569	-0.210259213356648
0.698817643187807	-0.208440702671638
0.699799484579986	-0.20707681965788
0.701109916212859	-0.205255834336809
0.702092739937514	-0.203890095346007
0.703076546977469	-0.202522498029596
0.704388289697409	-0.200699034941048
0.705373081036472	-0.199329576947625
0.706686136155223	-0.197503632956394
0.707671912778184	-0.196132311931708
0.7089862816088	-0.194303883898794
0.709973044501437	-0.192930697485748
0.711288728358287	-0.191099782268354
0.712276478507363	-0.189724728106998
0.713593478706131	-0.187891322558524
0.713593478706131	0.902869699958251
-0.15969149353337	0.902869699958251
-0.160704939704547	0.901591635626198
-0.161719399828787	0.900311785360505
-0.16273487492055	0.899030146866863
-0.163751365995312	0.897746717848156
-0.164768874069564	0.896461496004465
-0.165787400160814	0.89517447903306
-0.166806945287588	0.893885664628397
-0.167827510469431	0.892595050482116
-0.168849096726909	0.891302634283038
-0.169871705081607	0.89000841371716
-0.170895336556135	0.888712386467652
-0.171919992174124	0.887414550214857
-0.17294567296023	0.886114902636281
-0.173972379940133	0.884813441406597
-0.17500011414054	0.883510164197634
-0.176028876589187	0.882205068678383
-0.177058668314835	0.880898152514984
-0.178089490347276	0.87958941337073
-0.179121343717332	0.878278848906059
-0.180154229456857	0.876966456778552
-0.181188148598737	0.875652234642932
-0.18222310217689	0.874336180151058
-0.183259091226271	0.87301829095192
-0.184296116782869	0.87169856469164
-0.185334179883708	0.870376999013467
-0.186373281566854	0.86905359155777
-0.187413422871406	0.867728339962042
-0.188454604837507	0.866401241860887
-0.189496828506339	0.865072294886027
-0.190540094920125	0.863741496666291
-0.191584405122132	0.862408844827612
-0.19262976015667	0.861074336993029
-0.193676161069095	0.85973797078268
-0.194723608905807	0.858399743813795
-0.195772104714254	0.857059653700701
-0.196821649542932	0.855717698054811
-0.197872244441386	0.854373874484625
-0.198923890460212	0.853028180595723
-0.199976588651054	0.851680613990765
-0.201030340066612	0.850331172269487
-0.202085145760637	0.848979853028694
-0.203141006787935	0.847626653862263
-0.204197924204366	0.846271572361131
-0.205255899066849	0.8449146061133
-0.206314932433358	0.84355575270383
-0.207375025362927	0.842195009714831
-0.208436178915649	0.840832374725469
-0.209498394152677	0.839467845311954
-0.210561672136226	0.838101419047542
-0.211626013929576	0.836733093502528
-0.212691420597067	0.835362866244244
-0.213757893204107	0.833990734837056
-0.214825432817168	0.83261669684236
-0.215894040503789	0.831240749818578
-0.216963717332579	0.829862891321155
-0.218034464373215	0.828483118902555
-0.219106282696443	0.827101430112259
-0.220179173374083	0.825717822496759
-0.221253137479024	0.824332293599557
-0.222328176085232	0.822944840961158
-0.223404290267744	0.821555462119073
-0.224481481102675	0.820164154607807
-0.225559749667216	0.818770915958862
-0.226639097039635	0.81737574370073
-0.227719524299281	0.815978635358891
-0.22880103252658	0.814579588455809
-0.229883622803041	0.81317860051093
-0.230967296211254	0.811775669040674
-0.232052053834892	0.810370791558437
-0.233137896758714	0.808963965574582
-0.234224826068562	0.807555188596441
-0.235312842851365	0.806144458128308
-0.236401948195141	0.804731771671434
-0.237492143188996	0.803317126724027
-0.238583428923123	0.801900520781247
-0.239675806488809	0.800481951335203
-0.240769276978432	0.799061415874947
-0.241863841485462	0.797638911886472
-0.242959501104464	0.79621443685271
-0.244056256931097	0.794787988253526
-0.245154110062118	0.793359563565716
-0.246253061595379	0.791929160263
-0.247353112629832	0.790496775816025
-0.248454264265529	0.789062407692353
-0.249556517603621	0.787626053356466
-0.250659873746362	0.786187710269755
-0.251764333797107	0.78474737589052
-0.252869898860317	0.783305047673967
-0.253976570041557	0.781860723072203
-0.255084348447498	0.78041439953423
-0.256193235185919	0.778966074505948
-0.257303231365707	0.777515745430143
-0.258414338096858	0.776063409746491
-0.259526556490479	0.774609064891549
-0.260639887658788	0.773152708298752
-0.261754332715116	0.771694337398413
-0.262869892773909	0.770233949617716
-0.263986568950726	0.768771542380713
-0.265104362362245	0.767307113108319
-0.266223274126259	0.765840659218313
-0.267343305361678	0.764372178125327
-0.268464457188536	0.762901667240849
-0.269586730727983	0.761429123973217
-0.270710127102294	0.759954545727612
-0.271834647434864	0.758477929906061
-0.272960292850215	0.756999273907426
-0.274087064473991	0.755518575127407
-0.275214963432965	0.754035830958532
-0.276343990855035	0.752551038790157
-0.277474147869229	0.751064196008464
-0.278605435605704	0.749575299996451
-0.279737855195748	0.748084348133935
-0.280871407771781	0.746591337797544
-0.282006094467356	0.745096266360715
-0.283141916417158	0.743599131193689
-0.28427887475701	0.742099929663509
-0.285416970623871	0.740598659134014
-0.286556205155836	0.739095316965839
-0.287696579492141	0.737589900516405
-0.288838094773159	0.736082407139923
-0.289980752140406	0.734572834187382
-0.291124552736539	0.733061179006553
-0.29226949770536	0.731547438941979
-0.293415588191813	0.730031611334974
-0.294562825341988	0.728513693523621
-0.295711210303124	0.726993682842764
-0.296860744223605	0.725471576624008
-0.298011428252964	0.723947372195711
-0.299163263541887	0.722421066882985
-0.300316251242209	0.720892658007689
-0.301470392506917	0.719362142888426
-0.302625688490152	0.717829518840539
-0.303782140347212	0.716294783176109
-0.304939749234547	0.714757933203946
-0.306098516309767	0.713218966229593
-0.306967591616182	0.712064740998828
-0.308127518038054	0.710523654324549
-0.308997462854458	0.709367839318841
-0.310158549782909	0.707824630243623
-0.311029364979246	0.70666722343721
-0.312191613575362	0.705121889256758
-0.313063300022449	0.703962888621419
-0.314226711448479	0.702415426628148
-0.315099270018002	0.701254830133195
-0.315972701582518	0.700092635745473
-0.317137277001874	0.698543043228511
-0.318303017579131	0.696991317473688
-0.319177323012074	0.695827523157571
-0.320344229912973	0.694273661447421
-0.321219410088647	0.693108265164809
-0.322095465882232	0.691941264875125
-0.32326354027368	0.69038526448888
-0.324432783323751	0.688827122702464
-0.325309715611305	0.687658516362652
-0.326187525269758	0.686488301927173
-0.327357938147695	0.6849280160132
-0.328236626054858	0.68375619143403
-0.329408209931075	0.682193758661803
-0.330287776965635	0.681020321888428
-0.331460533011716	0.679455739523928
-0.332634462400416	0.677889004829818
-0.333514909441941	0.676713953809235
-0.334396237370878	0.675537286485946
-0.335571341276128	0.673968396721561
-0.336453550973804	0.672790111037569
-0.337629830570707	0.671219063458915
-0.338807287035542	0.669645855318663
-0.339690379384168	0.668465949213474
-0.340574355266837	0.667284420624089
-0.341752989777061	0.665709049171576
-0.34293280351131	0.664131511652794
-0.343817663811996	0.662948358513708
-0.344998657950082	0.661368652171308
-0.345884403553647	0.660183872414507
-0.347066579276565	0.658601994487786
-0.347953211068754	0.657415586042745
-0.348840729936199	0.656227546836423
-0.350024088426125	0.654643494561327
-0.351208630866417	0.653057265170446
-0.352097037696637	0.651867593127285
-0.352986333378038	0.650676286169206
-0.35417206095324	0.649087876891768
-0.355062246375119	0.647894932938167
-0.356249160270957	0.646304341000034
-0.357437261674346	0.6447115636237
-0.358328337726887	0.643516980591449
-0.359517627825929	0.641922014996034
-0.36040959540021	0.640725790799473
-0.361302455388197	0.63952792335041
-0.362492935372181	0.63793076675166
-0.363386688666735	0.636731253959367
-0.364578359726141	0.635131903569643
-0.365473007221015	0.633930743340854
-0.366665870547515	0.632329196369136
-0.367561413137357	0.631126386608043
-0.368755469923814	0.629522640259919
-0.369651908504167	0.62831817886817
-0.370847159944637	0.626712230345837
-0.371744495411939	0.62550611522253
-0.372940942701675	0.623897961724788
-0.374138587037124	0.622287600447036
-0.37503682028871	0.621079829488722
-0.375935952222815	0.619870400589395
-0.377134794801621	0.618257828723627
-0.378334836822627	0.616643043458427
-0.379234868338381	0.615431954509528
-0.380436111001629	0.61381495303007
-0.381337042999065	0.612602201920476
-0.382238876379115	0.611387786536505
-0.383441320885847	0.609768566024544
-0.38464496843851	0.608147123658414
-0.385547704103006	0.606931041883816
-0.386752555905246	0.605307374838428
-0.387656194756925	0.604089624554386
-0.388862252013593	0.60246373000122
-0.389766794956095	0.601244309086345
-0.39097405887325	0.599616184193448
-0.391879506811115	0.598395090523776
-0.393087978596021	0.59676473245576
-0.393994332434699	0.595541963904748
-0.395204013295827	0.593909369822783
-0.396111273941672	0.592684924261309
-0.397322165088703	0.591050091323119
-0.398230333448976	0.589823966619477
-0.399442436092801	0.588186891979338
-0.40035151307567	0.586959085999234
-0.401564828428392	0.585319766807968
-0.402474814942934	0.584090277414519
-0.403689344217869	0.582448710819492
-0.40460024117407	0.581217535873221
-0.405815985585747	0.579573719018336
-0.406727793894505	0.578340856377172
-0.407944754658668	0.576694786402867
-0.408857475231791	0.575460233922139
-0.410075653565402	0.573811907965384
-0.41098928731561	0.572575663497817
-0.412208684436847	0.570925078692107
-0.413123232277774	0.569687140087825
-0.414343849406034	0.568034293563177
-0.415259312252229	0.566794658669691
-0.41648115060813	0.565139547552642
-0.417397529375055	0.563898214214855
-0.418620590180434	0.562240835628455
-0.419537885784467	0.560997801688655
-0.420762170262386	0.559338152752464
-0.421680383620825	0.55809341605032
-0.422905892995568	0.556431493880404
-0.423825025026625	0.555185052252967
-0.425051760523702	0.553520853961895
-0.42597181214651	0.55227270524359
-0.427199774992656	0.550606227940427
-0.428120747127265	0.549356369963055
-0.429349938550443	0.54768761075336
-0.430271832117827	0.546436041346089
-0.431502253347229	0.544764997331913
-0.432425069269281	0.54351171432128
-0.433656721535328	0.541838382601156
-0.434580460734863	0.540583383811062
-0.435813345269208	0.538907761480006
-0.436738008669966	0.537651044731713
-0.437972126705493	0.535973128881217
-0.438897715232139	0.534714691993346
-0.440133068002966	0.533034479711376
-0.441059582581086	0.531774320499899
-0.442296171322566	0.530091808870891
-0.443223612878677	0.528829925149134
-0.444461438827399	0.527145111253986
-0.445389808288941	0.525881500832625
-0.446628872682731	0.524194381748697
-0.447558170978074	0.522929042435751
-0.448798475055997	0.52123961523686
-0.449728703114439	0.519972544837691
-0.450970248116798	0.518280806594104
-0.451901406868568	0.517012002911414
-0.45314419403691	0.515317950689848
-0.454076284413166	0.514047411523673
-0.455320314990277	0.512351042387289
-0.45625333792311	0.511078765535001
-0.45749861315302	0.509380076543397
-0.458432569575453	0.508106059799695
-0.459679090703438	0.506405048008909
-0.460613981549428	0.505129289165819
-0.46186174982201	0.503425951628316
-0.462797576026446	0.502148448475188
-0.464046592691392	0.500442782239862
-0.464983355190102	0.499163532563368
-0.466233621496431	0.497455534675537
-0.467171321226177	0.496174536259663
-0.468422838424153	0.494464203761061
-0.469361476322634	0.493181454387109
-0.470614245663776	0.491468784315886
-0.471553822669632	0.490184281762469
-0.472807845406708	0.488469271153186
-0.473748362459514	0.487183013196224
-0.475003639846548	0.485465659079847
-0.475945097886823	0.484177643492564
-0.477201631179091	0.482457942896461
-0.478144031148293	0.481168167449384
-0.479401821602329	0.479446117397321
-0.480345164442857	0.478154579858273
-0.481604213316453	0.476430177370409
-0.482548499971649	0.475136875504512
-0.483808808523853	0.473410117597395
-0.484754039938006	0.472115049167057
-0.486015609429126	0.470385932853621
-0.486961786547466	0.469089095618544
-0.488224618239072	0.467357617908102
-0.489171742007777	0.466059009625271
-0.490435837162701	0.464325167523513
-0.491383908528895	0.463024785947196
-0.492332928440648	0.461722628828938
-0.493598288322986	0.459986419337928
-0.494548257729319	0.458682484426553
-0.49581488360443	0.45694390454472
-0.49708277673894	0.455202951266858
-0.498033696589822	0.453897236308461
-0.499302858251625	0.452153906625724
-0.500254729497977	0.450846409363671
-0.501525160956234	0.449100700263566
-0.502477984549926	0.447791418438487
-0.503749687075068	0.446043326904874
-0.504703463968925	0.444732258254664
-0.505976438832656	0.442981781267749
-0.506931169980454	0.441668923527562
-0.507886856336925	0.440354274429809
-0.509161104812219	0.438601408966138
-0.510117747333049	0.437284966240483
-0.511393270694155	0.435529709272943
-0.512350870335986	0.434211470646301
-0.513627669858428	0.432453819144111
-0.51458622757886	0.431133782340643
-0.515864304539437	0.429373733269352
-0.516823821297029	0.428051896010463
-0.518103176973817	0.426289446331945
-0.519383812646174	0.424524593004393
-0.520344289400441	0.423200953008729
-0.521305727111862	0.421875507992173
-0.522587644060422	0.420108247970098
-0.523870843567103	0.418338578204324
-0.524833243197114	0.417011325879993
-0.526117726545115	0.415239243317648
-0.527081089056117	0.41391018139589
-0.528366857529922	0.41213568298041
-0.529331183885276	0.4108048091688
-0.530618238770653	0.409027891839916
-0.531583529934687	0.407695203843253
-0.532871872518692	0.405915864536994
-0.533838129456695	0.4045813600573
-0.535127761027671	0.402799595705982
-0.536094984705902	0.401463272442494
-0.537385906553479	0.399679079974723
-0.538354097939162	0.398340935623894
-0.539646311354262	0.396554311964553
-0.540615471415588	0.395214344220048
-0.541908977690426	0.393425286290301
-0.542879107396554	0.392083492842991
-0.544173907824636	0.390291997560273
-0.545145008145697	0.388948376098234
-0.546441104021822	0.387154440376249
-0.547413175928916	0.38580898858476
-0.548710568549182	0.384012609333476
-0.549683613014382	0.382665324895013
-0.55065763101073	0.381316205489246
-0.551956321672529	0.379517379614891
-0.552931314174046	0.378166422918683
-0.554231304176068	0.376365147323739
-0.555207272157745	0.375012351011141
-0.556508562799981	0.373208622594343
-0.557485507237787	0.37185398433659
-0.558788099821527	0.370047799992918
-0.560091995649365	0.368239156613596
-0.561069917520243	0.366882674079104
-0.562375117896074	0.365071568551592
-0.563354018177947	0.363713239405957
-0.564660524406971	0.361899668613948
-0.56564040407874	0.360539490519941
-0.566948217467464	0.358723451343357
-0.567929077509007	0.35736142196092
-0.569238199365245	0.355542911275909
-0.570220040757423	0.354179028262151
-0.571530472390297	0.352358042941081
-0.572513296114952	0.350992303950278
-0.573497103154907	0.349624706633867
-0.574808845874847	0.347801243545319
-0.57579363721391	0.346431785551896
-0.577106692332661	0.344605841560665
-0.578092468955622	0.343234520535979
-0.579406837786238	0.341406092503065
-0.580393600678875	0.340032906090019
-0.581709284535725	0.338201990872625
-0.582697034684801	0.33682693671127
-0.584014034883569	0.334993531162796
-0.584014034883569	-0.75576749135398
