-0.725112203947013	-0.99332162924739
-0.100148159059438	-0.99332162924739
-0.0983481590594378	-0.99092162924739
-0.0965460251413571	-0.988518649493
-0.0947396189740545	-0.986109703569196
-0.0929289317231926	-0.983694778141196
-0.0911139545379877	-0.981273859847164
-0.0892946785511805	-0.978846935298158
-0.0874710948790095	-0.976413991078084
-0.0856431946211808	-0.973975013743639
-0.0838109688608407	-0.971529989824265
-0.0819744086645479	-0.969078905822095
-0.0801335050822431	-0.966621748211904
-0.0782882491472222	-0.964158503441057
-0.0764386318761076	-0.961689157929456
-0.0745846442688182	-0.959213698069492
-0.0727262773085423	-0.956732110225992
-0.0708635219617081	-0.954244380736166
-0.0689963691779553	-0.951750495909559
-0.0671248098901057	-0.949250442027995
-0.0652488350141353	-0.946744205345527
-0.0633684354491443	-0.944231772088389
-0.0614836020773292	-0.941713128454936
-0.059594325763953	-0.9391882606156
-0.0577005973573169	-0.936657154712832
-0.0558024076887304	-0.934119796861053
-0.0538997475724826	-0.931576173146601
-0.0519926078058136	-0.929026269627677
-0.0500809791688842	-0.926470072334296
-0.048164852424747	-0.923907567268229
-0.0462442183193176	-0.921338740402956
-0.0443190675813446	-0.918763577683611
-0.0423893909223808	-0.916182065026926
-0.0404551790367528	-0.913594188321184
-0.0385164226015323	-0.910999933426161
-0.0365731122765069	-0.908399286173075
-0.0346252387041491	-0.905792232364532
-0.0326727925095877	-0.903178757774474
-0.0307157643005783	-0.900558848148123
-0.0287541446674727	-0.89793248920193
-0.0267879241831898	-0.895299666623522
-0.0248170934031852	-0.892660366071643
-0.0228416428654218	-0.890014573176106
-0.0208615630903398	-0.887362273537739
-0.0188768445808264	-0.884703452728325
-0.016887477822186	-0.882038096290554
-0.01489345328211	-0.879366189737967
-0.0128947614106473	-0.8766877185549
-0.0108913926401729	-0.874002668196433
-0.00888333738535886	-0.871311024088332
-0.00687058604314296	-0.868612771626997
-0.00485312899269953	-0.865907896179404
-0.00283095659540779	-0.863196383083056
-0.000804059194823195	-0.860478217645923
0.00122757288335516	-0.857753385146387
0.00326394933131345	-0.855021870833193
0.00530507985915461	-0.852283659925386
0.0073509741949279	-0.84953873761226
0.00940164208466109	-0.846787089053302
0.0114570932923897	-0.844028699378139
0.0135173376001886	-0.841263553686476
0.0155823848082027	-0.838491637048048
0.0176522447346777	-0.835712934502558
0.0197269272159913	-0.832927431059626
0.0218064421066834	-0.83013511169873
0.0238907992794875	-0.82733596136915
0.0259800086253626	-0.824529964989915
0.0280740800535234	-0.821717107449742
0.0301730234914711	-0.818897373606986
0.0322768488850257	-0.816070748289576
0.0343855661983562	-0.813237216294964
0.036499185414013	-0.810396762390069
0.0386177165329585	-0.807549371311214
0.0407411695745988	-0.804695027764077
0.0428695545768146	-0.801833716423627
0.0450028815959936	-0.798965421934075
0.0471411607070616	-0.796090128908807
0.0492844020035142	-0.793207821930337
0.0514326155974484	-0.790318485550241
0.0535858116195941	-0.787422104289106
0.0557440002193467	-0.78451866263647
0.0579071915647974	-0.781608145050762
0.0600753958427672	-0.778690535959248
0.0622486232588363	-0.775765819757974
0.0644268840373784	-0.772833980811703
0.0666101884215914	-0.76989500345386
0.0687985466735296	-0.766948871986477
0.0709919690741364	-0.763995570680129
0.0731904659232757	-0.761035083773879
0.0753940475397644	-0.758067395475219
0.0776027242614056	-0.755092489960012
0.0798165064450192	-0.752110351372432
0.0820354044664758	-0.749120963824907
0.0842594287207284	-0.74612431139806
0.0864885896218447	-0.743120378140649
0.0887228976030404	-0.740109148069506
0.0909623631167115	-0.737090605169485
0.0932069966344663	-0.734064733393395
0.0954568086471591	-0.731031516661943
0.097711809664922	-0.727990938863679
0.0999720102171982	-0.724942983854931
0.102237420852775	-0.721887635459746
0.104508052139817	-0.718824877469832
0.106783914665898	-0.715754693644501
0.109065019038034	-0.712677067710601
0.111351375882718	-0.709591983362463
0.113642995845951	-0.70649942426184
0.115939889593278	-0.703399374037842
0.118242067809816	-0.700291816286882
0.120549541200294	-0.69717673457261
0.122862320489082	-0.694054112425858
0.124596904955672	-0.691712145815793
0.126915000886814	-0.688581966734508
0.12865357283517	-0.686234332423545
0.130976996172419	-0.683096579872733
0.132719563675356	-0.680743265459624
0.134466134820496	-0.678384258518372
0.136794896347349	-0.675238915930036
0.139129006867078	-0.672085966703114
0.140879589756875	-0.669721254782923
0.143219060092561	-0.666560682283228
0.144973662844325	-0.664190252908457
0.146732293590251	-0.661814093578575
0.149077134584818	-0.658645881138733
0.150839801472005	-0.656263979328274
0.153190023988255	-0.653088110247663
0.154956735178738	-0.650700453406179
0.157312350099381	-0.647516910950867
0.159083113770152	-0.645123486502881
0.161444131997845	-0.641932253905567
0.163218956340879	-0.639533049250528
0.165585388798257	-0.636334109710476
0.167364282020539	-0.633929112222712
0.169736139650247	-0.630722448905693
0.171519109973796	-0.628311645934366
0.173896403738528	-0.625097241972596
0.175683459400424	-0.622680620841652
0.178066200282951	-0.619458459333727
0.179857349535359	-0.617036007341855
0.182245548538569	-0.613806071352692
0.184040799648765	-0.611377775773272
0.186434467795693	-0.608140048334046
0.18823382904609	-0.605705896415106
0.190632977379953	-0.602460360523187
0.192436457068128	-0.600020339487354
0.194841096652361	-0.596766978106244
0.196648703091078	-0.594321075150699
0.199058845009367	-0.591059871209972
0.200870586526604	-0.5886080735064
0.203286241882919	-0.585339009901639
0.205102126821894	-0.582881304596186
0.207523306740528	-0.579604364188916
0.209343343459725	-0.57714073840214
0.211770059085322	-0.573855904019772
0.213594255958518	-0.571386344846594
0.216026518456112	-0.568093599282357
0.217854883872399	-0.565618093792017
0.220292704427448	-0.562317419804896
0.222125246791263	-0.559835955040902
0.224568636609683	-0.556527335355578
0.226405364340833	-0.554039898335663
0.228854334649032	-0.550723315642443
0.231308896693947	-0.547398752597205
0.233149818227633	-0.544905330313276
0.235609983276761	-0.541572769537399
0.237455107063607	-0.539073348955491
0.239920886405045	-0.535732773035794
0.241770220911123	-0.533227341096022
0.243623774617979	-0.530715884712531
0.246095179560453	-0.52736727620121
0.248572221433359	-0.524010617615773
0.250430002838039	-0.521493123676695
0.252292020453114	-0.518969579044097
0.254774710606548	-0.5156048528673
0.256640972960145	-0.513075244377138
0.25912932276494	-0.509702433056922
0.260999838400763	-0.507166747518991
0.263493859248527	-0.503785833468416
0.265368636725886	-0.501244057666304
0.267868340029031	-0.497855023263489
0.269747387922868	-0.495307143954527
0.272252785114651	-0.491909971542579
0.274136112015567	-0.489355975457795
0.276647214550122	-0.485950647344749
0.278534829064403	-0.483390521188817
0.281051648416777	-0.479977019647573
0.283574196082968	-0.476555326915828
0.285466106832611	-0.47398905736702
0.287994394329598	-0.470559155647203
0.289890609952339	-0.46798672935734
0.291791139101677	-0.465408132951748
0.294325177967461	-0.461970004410957
0.296864979761099	-0.458523631180894
0.298769831106327	-0.455938851258347
0.301315407407965	-0.452484215435251
0.303224589634193	-0.449893238567929
0.305775952045103	-0.446430322212512
0.307689473853287	-0.44383313494595
0.309607343960252	-0.441229723798987
0.312164504102872	-0.43775850893637
0.314086731241345	-0.435148860401102
0.316649700759309	-0.431669329020746
0.318576293677941	-0.429053429562478
0.321145084236117	-0.425565563618122
0.323076051699512	-0.422943399675316
0.325650674984038	-0.419447181084908
0.32758602577278	-0.416818739069134
0.330166493491102	-0.413314149714769
0.332106236401779	-0.410679416010657
0.334692560282683	-0.407166437738509
0.337284752076333	-0.403645052358762
0.339228895921571	-0.401004013323952
0.341177449530054	-0.398356655289044
0.34377552100803	-0.394826844575834
0.345728493224529	-0.392173153844337
0.348332456179861	-0.388634899535676
0.350289855865264	-0.385974862383963
0.352899722112468	-0.382428146181679
0.354861558143806	-0.37976174885893
0.357477339518922	-0.376206552428599
0.359443620789393	-0.373533781156758
0.362065329150021	-0.369970086127637
0.364692976375356	-0.366397874092596
0.366663711794356	-0.363718715066316
0.369297309785226	-0.360137967581776
0.371272508278378	-0.35745240696837
0.373912068957278	-0.353863105554229
0.375891739466454	-0.351171129493623
0.377875890949805	-0.348472724098302
0.38052142626094	-0.344874850237873
0.383172948170254	-0.341268385377815
0.385161589602239	-0.338563536732772
0.387154729973652	-0.335852230895462
0.389812250468869	-0.332237156445714
0.391809898786864	-0.329519379445998
0.394473429877524	-0.325895676779711
0.39714298359502	-0.322263327233177
0.399145148883142	-0.319539065073277
0.401151840181352	-0.31680830372772
0.403827428578966	-0.31316728860031
0.405838654943672	-0.310430014015881
0.408520290096613	-0.306780314569976
0.410536060600694	-0.304036512665664
0.413223754606135	-0.300378110126582
0.415244078338971	-0.297627766793533
0.417937843316085	-0.293960642349468
0.419962729383584	-0.29120374345093
0.422662577473583	-0.287527878252879
0.424692034998211	-0.284764409624151
0.427397978364381	-0.281079784785848
0.429432016485186	-0.278309732234233
0.432144067312926	-0.27461632883208
0.434862237809784	-0.270914127905078
0.436900865682428	-0.268137477209827
0.438944092479212	-0.265354214122089
0.441668394874924	-0.261643196671772
0.443716229784819	-0.258853306914544
0.446446676331346	-0.255133453904907
0.449183279302909	-0.251404746262337
0.451235731531581	-0.24860821553041
0.453292810301421	-0.245805029490319
0.456035581994542	-0.24206744810353
0.458097296544696	-0.239257592393501
0.460846249278234	-0.235511118113462
0.462912608864626	-0.232694578343362
0.465667754979815	-0.228939191983227
0.46773876887518	-0.226115953734509
0.470500120735667	-0.222351636069551
0.472575798229578	-0.219521684895205
0.475343368221459	-0.215748416662743
0.477423718620355	-0.212911738087241
0.480197519152216	-0.209129499986573
0.482282551779431	-0.206286079505821
0.485062595282384	-0.202494852198151
0.487152319478174	-0.199644675279432
0.489938618405894	-0.195844439387807
0.492033043527469	-0.192987491469731
0.494825610356234	-0.189178227578963
0.496924745777782	-0.186314494071413
0.499723593006511	-0.182496182728014
0.50182744811923	-0.179625649012096
0.504632588269521	-0.175798270724207
0.506741172481645	-0.172920922152195
0.50955261809781	-0.169084457389514
0.511665940834642	-0.166200279284799
0.514483704483751	-0.162354708478512
0.516601775187688	-0.159463686135546
0.519425869459603	-0.155608989678258
0.521548697590165	-0.152711108362504
0.52437913509758	-0.148847266608165
0.52650673013144	-0.145942511556044
0.52934352350992	-0.142069504819882
0.531475894940932	-0.139157861238716
0.53431905684895	-0.135275669797163
0.536456214188182	-0.132357122865128
0.539305757307157	-0.128465726955749
0.541447710082913	-0.125540261821817
0.544303647117253	-0.121639641643242
0.546450404875106	-0.118707243427128
0.549312748552243	-0.114797379138977
0.551464320855063	-0.111858032931089
0.554333083925492	-0.107938904653904
0.55648948035348	-0.104992595515283
0.559364675590797	-0.101064183330454
0.561525905741505	-0.098110896292726
0.56440754594245	-0.0941731802424217
0.566573619430819	-0.0912129003077418
0.569461717415311	-0.0872658603948352
0.571632643873693	-0.0842985725358339
0.574527212484869	-0.0803421887238322
0.576703001563062	-0.0773678778835613
0.57960405366732	-0.0734021300965334
0.581784715032595	-0.0704207811884119
0.584692263519629	-0.0664456493109166
0.586877806856758	-0.0634572472186768
0.589791864639599	-0.0594727110956902
0.591982299650889	-0.056477240673323
0.594902879665943	-0.0524832801101667
0.59709821607126	-0.0494807261818676
0.600025331278349	-0.0454773209441356
0.602225578815151	-0.0424676683042503
0.605159242197553	-0.0384547981177367
0.607364410620918	-0.0354380315307064
0.610304635185404	-0.0314156760813326
0.61251473426806	-0.0283917802816393
0.615461533044936	-0.0243599192153814
0.617676572577292	-0.0213288789074931
0.620629958620435	-0.0172874918303089
0.62284994841061	-0.0142492916886253
0.625809934797511	-0.0101983581663806
0.628034884671362	-0.00715298283517764
0.631001484503165	-0.00309248239357375
0.633231404304321	-3.99164869488017e-05
0.636204630705862	0.00403017138855109
0.638439530295748	0.00708994328673428
0.641419396415596	0.0111696391509787
0.643659285673468	0.0142366324871453
0.646645804683964	0.0183259569353676
0.648890693506936	0.0214001871862873
0.651883878604233	0.0254991608541802
0.654133776907309	0.0285806435270218
0.657133641311411	0.0326892870908105
0.659388559027515	0.0357780377231981
0.66239511598232	0.0398963718997146
0.664655063062323	0.0429924060597827
0.66766832583566	0.0471204516065401
0.669933312248415	0.0502237848929895
0.672953294132088	0.0543615626082555
0.675223329864456	0.0574722106504096
0.678250044174279	0.0616197413732816
0.68052513923116	0.0647377198311413
0.683558599307002	0.0688950244416208
0.685838763711369	0.0720203490059207
0.688878982917192	0.0761874484249872
0.691164226710117	0.0793201348172526
0.694211218434018	0.0834970500069397
0.696501551674705	0.0866371139795413
0.699555329328953	0.0908238659430102
0.701850762094766	0.0939713232792213
0.70491133911585	0.0981679330608361
0.707211881502346	0.101322799574889
0.710279271351007	0.105529288260293
0.712584933471965	0.108691579797435
0.715659149633242	0.112907968513624
0.717969941620694	0.116077700950174
0.721050997603964	0.120304010865573
0.723366929608227	0.123481200108978
0.726454838947244	0.127717452433518
0.728775921136948	0.130902114422411
0.731870697389886	0.135148330407601
0.734196939952008	0.138340481111855
0.737298596701501	0.142596682050861
0.739630009841391	0.14579633747165
0.742738560694577	0.150062544699369
0.745075154635994	0.153269720869222
0.748190613224549	0.157545955762359
0.750532398209689	0.160760668745218
0.753654778189876	0.165046952722364
0.756001764479404	0.168269218613641
0.759131079532109	0.172565573135344
0.76148327740519	0.175795408061979
0.764619541235965	0.180101854630826
0.766976960990294	0.183339274751343
0.7701201873294	0.187655834912034
0.772482839281235	0.190900856416601
0.775633041883681	0.195227551756024
0.778000936367872	0.198480190866508
0.781158129013458	0.202817043013821
0.783531276383477	0.206077315983847
0.786695472876835	0.210424346610549
0.789073883504812	0.213692269725558
0.792245097675449	0.21804950054557
0.794628781952201	0.221325090122876
0.797807027654536	0.225692542892617
0.797807027654536	1.07059261343362
0.172842982766961	1.07059261343362
0.171042982766961	1.06819261343362
0.16924084884888	1.06578963367923
0.167434442681578	1.06338068775542
0.165623755430716	1.06096576232742
0.163808778245511	1.05854484403339
0.161989502258704	1.05611791948439
0.160165918586533	1.05368497526431
0.158338018328704	1.05124599792987
0.156505792568364	1.04880097401049
0.154669232372071	1.04634989000832
0.152828328789766	1.04389273239813
0.150983072854745	1.04142948762728
0.149133455583631	1.03896014211568
0.147279467976341	1.03648468225572
0.145421101016065	1.03400309441222
0.143558345669231	1.03151536492239
0.141691192885478	1.02902148009579
0.139819633597629	1.02652142621422
0.137943658721658	1.02401518953176
0.136063259156667	1.02150275627462
0.134178425784852	1.01898411264116
0.132289149471476	1.01645924480183
0.13039542106484	1.01392813889906
0.128497231396253	1.01139078104728
0.126594571280006	1.00884715733283
0.124687431513337	1.00629725381391
0.122775802876407	1.00374105652052
0.12085967613227	1.00117855145446
0.118939042026841	0.998609724589184
0.117013891288868	0.996034561869839
0.115084214629904	0.993453049213154
0.113150002744276	0.990865172507412
0.111211246309055	0.988270917612389
0.10926793598403	0.985670270359303
0.107320062411672	0.98306321655076
0.105367616217111	0.980449741960702
0.103410588008101	0.977829832334351
0.101448968374996	0.975203473388158
0.0994827478907129	0.972570650809749
0.0975119171107083	0.96993135025787
0.0955364665729449	0.967285557362334
0.0935563867978629	0.964633257723967
0.0915716682883495	0.961974436914553
0.0895823015297091	0.959309080476782
0.0875882769896331	0.956637173924195
0.0855895851181704	0.953958702741128
0.083586216347696	0.951273652382661
0.0815781610928819	0.94858200827456
0.079565409750666	0.945883755813225
0.0775479527002226	0.943178880365632
0.0755257803029309	0.940467367269284
0.0734988829023463	0.93774920183215
0.0714672508241679	0.935024369332615
0.0694308743762096	0.932292855019421
0.0673897438483685	0.929554644111613
0.0653438495125952	0.926809721798487
0.063293181622862	0.92405807323953
0.0612377304151333	0.921299683564367
0.0591774861073345	0.918534537872704
0.0571124388993204	0.915762621234276
0.0550425789728454	0.912983918688786
0.0529678964915318	0.910198415245854
0.0508883816008397	0.907406095884958
0.0488040244280355	0.904606945555378
0.0467148150821605	0.901800949176143
0.0446207436539997	0.89898809163597
0.042521800216052	0.896168357793214
0.0404179748224974	0.893341732475804
0.0383092575091669	0.890508200481192
0.0361956382935101	0.887667746576297
0.0340771071745646	0.884820355497442
0.0319536541329243	0.881966011950304
0.0298252691307085	0.879104700609855
0.0276919421115295	0.876236406120303
0.0255536630004615	0.873361113095035
0.0234104217040089	0.870478806116565
0.0212622081100747	0.867589469736469
0.019109012087929	0.864693088475334
0.0169508234881764	0.861789646822698
0.0147876321427257	0.85887912923699
0.0126194278647559	0.855961520145476
0.0104462004486868	0.853036803944202
0.00826793967014471	0.850104964997931
0.00608463528593171	0.847165987640088
0.00389627703399352	0.844219856172705
0.00170285463338669	0.841266554866357
-0.000495642215752615	0.838306067960107
-0.00269922383224132	0.835338379661447
-0.00490790055388247	0.832363474146239
-0.00712168273749615	0.82938133555866
-0.00934058075895274	0.826391948011135
-0.0115646050132053	0.823395295584288
-0.0137937659143216	0.820391362326876
-0.0160280738955173	0.817380132255734
-0.0182675394091884	0.814361589355713
-0.0205121729269432	0.811335717579622
-0.022761984939636	0.808302500848171
-0.0250169859573989	0.805261923049907
-0.0272771865096752	0.802213968041159
-0.0295425971452522	0.799158619645973
-0.0318132284322942	0.79609586165606
-0.0340890909583748	0.793025677830728
-0.0363701953305108	0.789948051896828
-0.038656552175195	0.786862967548691
-0.0409481721384283	0.783770408448067
-0.043245065885755	0.78067035822407
-0.0455472441022932	0.77756280047311
-0.0478547174927714	0.774447718758838
-0.0501674967815588	0.771325096612086
-0.0519020812481491	0.768983130002021
-0.0542201771792904	0.765852950920736
-0.0559587491276467	0.763505316609772
-0.058282172464896	0.760367564058961
-0.0600247399678328	0.758014249645852
-0.0617713111129726	0.7556552427046
-0.0641000726398261	0.752509900116264
-0.0664341831595549	0.749356950889342
-0.0681847660493517	0.746992238969151
-0.0705242363850377	0.743831666469456
-0.072278839136802	0.741461237094685
-0.0740374698827274	0.739085077764803
-0.0763823108772946	0.735916865324961
-0.0781449777644819	0.733534963514502
-0.0804952002807317	0.730359094433891
-0.0822619114712145	0.727971437592407
-0.0846175263918582	0.724787895137095
-0.0863882900626286	0.722394470689109
-0.0887493082903223	0.719203238091794
-0.0905241326333558	0.716804033436755
-0.092890565090734	0.713605093896703
-0.0946694583130156	0.711200096408939
-0.0970413159427243	0.707993433091921
-0.0988242862662731	0.705582630120593
-0.101201580031005	0.702368226158823
-0.102988635692901	0.69995160502788
-0.105371376575428	0.696729443519955
-0.107162525827836	0.694306991528083
-0.109550724831046	0.69107705553892
-0.111345975941242	0.6886487599595
-0.113739644088169	0.685411032520274
-0.115539005338567	0.682976880601334
-0.11793815367243	0.679731344709414
-0.119741633360605	0.677291323673582
-0.122146272944838	0.674037962292472
-0.123953879383555	0.671592059336927
-0.126364021301844	0.6683308553962
-0.128175762819081	0.665879057692628
-0.130591418175396	0.662609994087866
-0.132407303114371	0.660152288782414
-0.134828483033005	0.656875348375144
-0.136648519752202	0.654411722588368
-0.139075235377799	0.651126888206
-0.140899432250995	0.648657329032822
-0.143331694748589	0.645364583468585
-0.145160060164876	0.642889077978244
-0.147597880719925	0.639588403991124
-0.14943042308374	0.63710693922713
-0.15187381290216	0.633798319541805
-0.15371054063331	0.631310882521891
-0.156159510941509	0.627994299828671
-0.158614072986423	0.624669736783433
-0.16045499452011	0.622176314499504
-0.162915159569238	0.618843753723627
-0.164760283356084	0.616344333141719
-0.167226062697522	0.613003757222022
-0.1690753972036	0.610498325282249
-0.170928950910456	0.607986868898759
-0.17340035585293	0.604638260387438
-0.175877397725836	0.601281601802001
-0.177735179130516	0.598764107862923
-0.179597196745591	0.596240563230325
-0.182079886899025	0.592875837053528
-0.183946149252621	0.590346228563366
-0.186434499057417	0.58697341724315
-0.18830501469324	0.584437731705219
-0.190799035541004	0.581056817654644
-0.192673813018362	0.578515041852532
-0.195173516321507	0.575126007449716
-0.197052564215345	0.572578128140755
-0.199557961407128	0.569180955728806
-0.201441288308044	0.566626959644022
-0.203952390842599	0.563221631530977
-0.20584000535688	0.560661505375045
-0.208356824709254	0.557248003833801
-0.210879372375445	0.553826311102056
-0.212771283125088	0.551260041553247
-0.215299570622075	0.547830139833431
-0.217195786244815	0.545257713543568
-0.219096315394154	0.542679117137975
-0.221630354259938	0.539240988597185
-0.224170156053576	0.535794615367122
-0.226075007398804	0.533209835444575
-0.228620583700441	0.529755199621479
-0.23052976592667	0.527164222754157
-0.23308112833758	0.52370130639874
-0.234994650145763	0.521104119132178
-0.236912520252729	0.518500707985215
-0.239469680395349	0.515029493122597
-0.241391907533822	0.51241984458733
-0.243954877051786	0.508940313206974
-0.245881469970418	0.506324413748706
-0.248450260528594	0.50283654780435
-0.250381227991988	0.500214383861544
-0.252955851276515	0.496718165271136
-0.254891202065257	0.494089723255362
-0.257471669783578	0.490585133900997
-0.259411412694256	0.487950400196885
-0.26199773657516	0.484437421924736
-0.26458992836881	0.48091603654499
-0.266534072214048	0.47827499751018
-0.26848262582253	0.475627639475272
-0.271080697300507	0.472097828762061
-0.273033669517006	0.469444138030565
-0.275637632472338	0.465905883721904
-0.277595032157741	0.463245846570191
-0.280204898404945	0.459699130367906
-0.282166734436283	0.457032733045158
-0.284782515811399	0.453477536614827
-0.28674879708187	0.450804765342986
-0.289370505442498	0.447241070313864
-0.291998152667832	0.443668858278824
-0.293968888086833	0.440989699252544
-0.296602486077702	0.437408951768004
-0.298577684570854	0.434723391154598
-0.301217245249755	0.431134089740457
-0.303196915758931	0.428442113679851
-0.305181067242282	0.425743708284529
-0.307826602553417	0.422145834424101
-0.31047812446273	0.418539369564043
-0.312466765894716	0.415834520919
-0.314459906266129	0.413123215081689
-0.317117426761346	0.409508140631942
-0.319115075079341	0.406790363632226
-0.321778606170001	0.403166660965939
-0.324448159887497	0.399534311419405
-0.326450325175618	0.396810049259504
-0.328457016473829	0.394079287913948
-0.331132604871443	0.390438272786538
-0.333143831236149	0.387700998202109
-0.33582546638909	0.384051298756203
-0.337841236893171	0.381307496851892
-0.340528930898612	0.37764909431281
-0.342549254631448	0.374898750979761
-0.345243019608562	0.371231626535696
-0.347267905676061	0.368474727637157
-0.34996775376606	0.364798862439106
-0.351997211290688	0.362035393810379
-0.354703154656858	0.358350768972076
-0.356737192777663	0.355580716420461
-0.359449243605403	0.351887313018308
-0.362167414102261	0.348185112091306
-0.364206041974905	0.345408461396055
-0.366249268771689	0.342625198308317
-0.368973571167401	0.338914180858
-0.371021406077296	0.336124291100772
-0.373751852623823	0.332404438091135
-0.376488455595385	0.328675730448565
-0.378540907824057	0.325879199716638
-0.380597986593898	0.323076013676546
-0.383340758287019	0.319338432289758
-0.385402472837173	0.316528576579729
-0.388151425570711	0.31278210229969
-0.390217785157103	0.309965562529589
-0.392972931272292	0.306210176169455
-0.395043945167657	0.303386937920737
-0.397805297028143	0.299622620255779
-0.399880974522055	0.296792669081432
-0.402648544513936	0.29301940084897
-0.404728894912832	0.290182722273469
-0.407502695444693	0.2864004841728
-0.409587728071908	0.283557063692048
-0.41236777157486	0.279765836384379
-0.414457495770651	0.27691565946566
-0.417243794698371	0.273115423574035
-0.419338219819945	0.270258475655959
-0.422130786648711	0.26644921176519
-0.424229922070259	0.263585478257641
-0.427028769298988	0.259767166914242
-0.429132624411707	0.256896633198324
-0.431937764561997	0.253069254910434
-0.434046348774122	0.250191906338423
-0.436857794390287	0.246355441575742
-0.438971117127119	0.243471263471026
-0.441788880776228	0.239625692664739
-0.443906951480165	0.236734670321773
-0.44673104575208	0.232879973864485
-0.448853873882642	0.229982092548731
-0.451684311390057	0.226118250794393
-0.453811906423917	0.223213495742271
-0.456648699802397	0.219340489006109
-0.458781071233409	0.216428845424944
-0.461624233141427	0.21254665398339
-0.463761390480658	0.209628107051356
-0.466610933599634	0.205736711141977
-0.468752886375389	0.202811246008045
-0.47160882340973	0.19891062582947
-0.473755581167583	0.195978227613356
-0.47661792484472	0.192068363325205
-0.47876949714754	0.189129017117317
-0.481638260217969	0.185209888840132
-0.483794656645956	0.18226357970151
-0.486669851883274	0.178335167516682
-0.488831082033982	0.175381880478954
-0.491712722234927	0.17144416442865
-0.493878795723296	0.16848388449397
-0.496766893707787	0.164536844581063
-0.498937820166169	0.161569556722062
-0.501832388777346	0.15761317291006
-0.504008177855539	0.154638862069789
-0.506909229959797	0.150673114282761
-0.509089891325072	0.14769176537464
-0.511997439812106	0.143716633497144
-0.514182983149235	0.140728231404905
-0.517097040932076	0.136743695281918
-0.519287475943366	0.133748224859551
-0.52220805595842	0.129754264296394
-0.524403392363737	0.126751710368095
-0.527330507570826	0.122748305130363
-0.529530755107628	0.119738652490478
-0.53246441849003	0.115725782303964
-0.534669586913395	0.112709015716934
-0.537609811477881	0.10868666026756
-0.539819910560537	0.105662764467867
-0.542766709337413	0.101630903401609
-0.544981748869769	0.0985998630937209
-0.547935134912911	0.0945584760165366
-0.550155124703087	0.0915202758748531
-0.553115111089988	0.0874693423526084
-0.555340060963839	0.0844239670214054
-0.558306660795642	0.0803634665798015
-0.560536580596798	0.0773109006731766
-0.563509806998339	0.0732408127976767
-0.565744706588225	0.0701810408994935
-0.568724572708073	0.0661013450352491
-0.570964461965945	0.0630343516990824
-0.573950980976441	0.0589450272508601
-0.576195869799413	0.0558707969999405
-0.579189054896709	0.0517718233320475
-0.581438953199786	0.048690340659206
-0.584438817603888	0.0445816970954172
-0.586693735319992	0.0414929464630297
-0.589700292274797	0.0373746122865132
-0.5919602393548	0.0342785781264451
-0.594973502128137	0.0301505325796877
-0.597238488540892	0.0270471992932383
-0.600258470424565	0.0229094215779723
-0.602528506156932	0.0197987735358181
-0.605555220466755	0.0156512428129462
-0.607830315523637	0.0125332643550865
-0.610863775599479	0.00837595974460702
-0.613143940003846	0.00525063518030709
-0.616184159209669	0.00108353576124053
-0.618469403002594	-0.00204915063102486
-0.621516394726494	-0.00622606582071196
-0.623806727967181	-0.00936612979331354
-0.62686050562143	-0.0135528817567824
-0.629155938387243	-0.0167003390929935
-0.632216515408327	-0.0208969488746084
-0.634517057794823	-0.0240518153886612
-0.637584447643484	-0.0282583040740651
-0.639890109764442	-0.0314205956112069
-0.642964325925719	-0.0356369843273962
-0.645275117913171	-0.038806716763946
-0.648356173896441	-0.0430330266793456
-0.650672105900704	-0.0462102159227506
-0.653760015239721	-0.0504464682472904
-0.656081097429425	-0.0536311302361828
-0.659175873682363	-0.0578773462213728
-0.661502116244484	-0.061069496925627
-0.664603772993978	-0.0653256978646327
-0.666935186133868	-0.0685253532854219
-0.670043736987054	-0.072791560513141
-0.67238033092847	-0.0759987366829941
-0.675495789517026	-0.0802749715761316
-0.677837574502166	-0.0834896845589907
-0.680959954482352	-0.087775968536136
-0.683306940771881	-0.0909982344274133
-0.686436255824586	-0.0952945889491163
-0.688788453697667	-0.0985244238757513
-0.691924717528442	-0.102830870444598
-0.694282137282771	-0.106068290565116
-0.697425363621877	-0.110384850725806
-0.699788015573712	-0.113629872230373
-0.702938218176158	-0.117956567569796
-0.705306112660348	-0.12120920668028
-0.708463305305935	-0.125546058827593
-0.710836452675954	-0.128806331797619
-0.714000649169312	-0.133153362424321
-0.716379059797289	-0.13642128553933
-0.719550273967926	-0.140778516359342
-0.721933958244678	-0.144054105936648
-0.725112203947013	-0.14842155870639
-0.725112203947013	-0.99332162924739
